{"nbformat":4,"nbformat_minor":0,"metadata":{"colab":{"provenance":[],"authorship_tag":"ABX9TyO36aESLdhuSlUvRCIZFzAJ"},"kernelspec":{"name":"python3","display_name":"Python 3"},"language_info":{"name":"python"}},"cells":[{"cell_type":"code","execution_count":3,"metadata":{"colab":{"base_uri":"https://localhost:8080/"},"id":"Ua9HTzPockMy","executionInfo":{"status":"ok","timestamp":1762270007139,"user_tz":-480,"elapsed":14,"user":{"displayName":"25006805 student","userId":"09437607511114164086"}},"outputId":"b8cb8037-a325-4f7a-8ebc-5b1db5d583cb"},"outputs":[{"output_type":"stream","name":"stdout","text":["[[1 2]\n"," [3 4]]\n"]}],"source":["# 1. Create a numpy array of size 2 x 2\n","import numpy as np\n","a = np.array([[1, 2], [3, 4]])\n","print(a)"]},{"cell_type":"code","source":["#2. Create a random numpy array of size 3 x 4\n","b = np.random.random((3,4))\n","print(b)"],"metadata":{"colab":{"base_uri":"https://localhost:8080/"},"id":"ZmX8ZZj9eJmu","executionInfo":{"status":"ok","timestamp":1762270112302,"user_tz":-480,"elapsed":52,"user":{"displayName":"25006805 student","userId":"09437607511114164086"}},"outputId":"5823cd18-0302-4e49-f540-ad6adc228196"},"execution_count":4,"outputs":[{"output_type":"stream","name":"stdout","text":["[[0.70678198 0.36127186 0.59688905 0.60934791]\n"," [0.40125301 0.4200015  0.14460877 0.81641139]\n"," [0.46289076 0.27496884 0.76878153 0.05246845]]\n"]}]},{"cell_type":"code","source":["#3. Create a numpy array of ones and a numpy array of zeroes\n","one = np.ones((2,2))\n","zero = np.zeros((3,3))\n","print(one)\n","print()\n","print(zero)"],"metadata":{"colab":{"base_uri":"https://localhost:8080/"},"id":"pVHjQrGfe-jC","executionInfo":{"status":"ok","timestamp":1762271641793,"user_tz":-480,"elapsed":12,"user":{"displayName":"25006805 student","userId":"09437607511114164086"}},"outputId":"0e3fcfcd-8a75-4dd9-aa79-25ff13d68fcc"},"execution_count":12,"outputs":[{"output_type":"stream","name":"stdout","text":["[[1. 1.]\n"," [1. 1.]]\n","\n","[[0. 0. 0.]\n"," [0. 0. 0.]\n"," [0. 0. 0.]]\n"]}]},{"cell_type":"code","source":["#4. Create a random numpy array of size 6x3 and transpose it\n","c = np.random.random((6,3))\n","print(c)\n","print()\n","c_transpose = c.T\n","print(c_transpose)"],"metadata":{"colab":{"base_uri":"https://localhost:8080/"},"id":"V_LoswuVgLS0","executionInfo":{"status":"ok","timestamp":1762271632191,"user_tz":-480,"elapsed":56,"user":{"displayName":"25006805 student","userId":"09437607511114164086"}},"outputId":"cac6bba7-1b7d-4213-ebe0-ed21921d2af9"},"execution_count":11,"outputs":[{"output_type":"stream","name":"stdout","text":["[[0.16355615 0.30451408 0.65815484]\n"," [0.89007572 0.94086089 0.4646023 ]\n"," [0.40347644 0.31559628 0.61241572]\n"," [0.42401409 0.32541526 0.20246118]\n"," [0.61382298 0.50366372 0.04102243]\n"," [0.98017691 0.99532461 0.79809768]]\n","\n","[[0.16355615 0.89007572 0.40347644 0.42401409 0.61382298 0.98017691]\n"," [0.30451408 0.94086089 0.31559628 0.32541526 0.50366372 0.99532461]\n"," [0.65815484 0.4646023  0.61241572 0.20246118 0.04102243 0.79809768]]\n"]}]},{"cell_type":"code","source":["#5. Create two random numpy array of size n x p and p x m and then compute the dot product\n","d = np.random.random((2,3))\n","e = np.random.random((3,4))\n","print(d)\n","print()\n","print(e)\n","print()\n","dot_product = np.dot(d,e)\n","print(dot_product)\n"],"metadata":{"colab":{"base_uri":"https://localhost:8080/"},"id":"xbUZQ4etgwUE","executionInfo":{"status":"ok","timestamp":1762272052953,"user_tz":-480,"elapsed":16,"user":{"displayName":"25006805 student","userId":"09437607511114164086"}},"outputId":"4ccb3ea2-92db-4828-e568-7988b2dc6dd9"},"execution_count":13,"outputs":[{"output_type":"stream","name":"stdout","text":["[[0.62571594 0.99094266 0.98746845]\n"," [0.59894772 0.77332022 0.30415099]]\n","\n","[[0.64791809 0.88802664 0.25666482 0.16694352]\n"," [0.57239347 0.86502291 0.41621973 0.56746236]\n"," [0.52415233 0.62827485 0.74834534 0.77762454]]\n","\n","[[1.49020568 2.03324212 1.31201656 1.43466158]\n"," [0.99013396 1.39191166 0.70320992 0.77533584]]\n"]}]},{"cell_type":"code","source":[],"metadata":{"id":"3zZONPDMmYWB"},"execution_count":null,"outputs":[]}]}